"","personID","willRecidivate","predictedRecidScore","predictedViolenceScore"
"1",1,0,1.50074872917157,1.16735582950522
"2",2,0,0.907835595243859,0.466348586163494
"3",3,0,5.19662252543433,5.3609056953002
"4",4,0,3.49258593333764,2.56330265073413
"5",5,0,5.12427438752983,4.02542250340408
"6",6,0,3.77358240922781,3.0163842569475
"7",7,0,4.82781782056597,3.6513582645281
"8",8,0,3.71433969061505,3.03050843855584
"9",9,0,5.07368762381154,4.4326552996454
"10",10,1,5.45059602393093,4.87397688565399
"11",11,0,4.60370939150662,4.47260534456093
"12",12,1,8.41647668544627,6.11014215404379
"13",13,0,3.94710407456888,3.85468263672128
"14",14,1,5.5195498101483,4.94034063000707
"15",15,1,5.82247860412662,5.4864198264406
"16",16,0,4.99898481412509,4.54935746579625
"17",17,0,2.63834290509066,1.6547169383979
"18",18,0,2.35191388209122,2.01003845509127
"19",19,0,3.27948813095471,2.8797915185379
"20",20,0,3.41788312365119,3.25788396527503
"21",21,0,2.95891551802269,2.68633723115173
"22",22,0,-0.0407768242604725,-1.46619802599109
"23",23,1,7.69827397811382,6.01931276646184
"24",24,1,7.25241179177706,5.75897666034239
"25",25,0,5.46896304643002,5.47787261026326
"26",26,1,6.07524147881611,4.58896445741731
"27",27,0,4.13065328387436,4.56064014949162
"28",28,0,3.77358240922781,3.71368319903395
"29",29,0,2.76127780671345,2.45266815003782
"30",30,1,5.71954219323949,4.54399053224427
"31",31,0,4.57959334553845,4.23906863785313
"32",32,0,4.60370939150662,4.47260534456093
"33",33,0,3.71433969061505,2.94995389796805
"34",34,0,3.8341967169105,4.21013652782076
"35",35,1,5.18998933315704,5.24527064205902
"36",36,0,3.31906426799657,2.95375631732052
"37",37,0,0.397248552534473,-0.364294660326877
"38",38,0,2.64837044905507,2.41753600014481
"39",39,0,3.97122012053704,3.61707876184879
"40",40,0,3.92298802860071,3.41814937067031
"41",41,1,4.83647377546045,4.90619350173386
"42",42,0,1.46254418119965,1.40610755445385
"43",43,0,3.48474912379583,3.49111280364651
"44",44,0,5.56778190208464,4.48869349746721
"45",45,1,6.41362885460378,3.88608634089086
"46",46,0,1.61194980057255,0.701562640571869
"47",47,0,4.99898481412509,4.93994350678875
"48",48,0,5.27132533512078,5.05691042175181
"49",49,0,3.7890425003015,3.30439231339749
"50",50,0,5.27132533512078,4.60933045737664
"51",51,0,7.72709936764589,4.47498808387086
"52",52,0,3.7890425003015,2.46622630802983
"53",53,0,3.37830698660933,3.38721210008735
"54",54,1,5.32191209883907,4.70667154889316
"55",55,1,8.27359467818374,6.62545429069787
"56",56,0,3.84828521891426,3.26670751458403
"57",57,0,2.98303156399086,2.91987393785953
"58",58,1,6.38480346507171,5.9456078957094
"59",59,0,3.23887932055026,3.18095635010949
"60",60,0,4.60370939150662,4.08201930356843
"61",61,0,2.29129957440852,1.26386614859319
"62",62,0,5.17250647946616,4.94007588119485
"63",63,0,1.56136303685426,1.13235605401831
"64",64,0,1.4766326832034,0.933819122797419
"65",65,1,6.23775251748075,5.1744068343393
"66",66,0,5.49307909239818,4.60539566361806
"67",67,0,3.18066927530009,3.15354301897344
"68",68,1,7.75121541361406,4.70852479057866
"69",69,0,4.14474178587812,4.23158853458546
"70",70,0,1.59956758482619,0.893604329069677
"71",71,0,5.46896304643002,5.29057950286571
"72",72,1,5.12427438752983,4.00186188619896
"73",73,0,2.15427617078198,1.77636937397736
"74",74,0,4.27003135928285,3.62141067882569
"75",75,0,2.39011843006314,1.82828065352531
"76",76,0,5.57425412909909,5.60298961818534
"77",77,0,3.22024541234195,2.83692177676357
"78",78,1,6.6571439860674,5.48469566228242
"79",79,1,7.63004339544183,6.18835369062507
"80",80,0,3.71126181528771,3.859765280556
"81",81,1,6.33892604491732,4.22657986437978
"82",82,1,6.23775251748075,4.7838207933468
"83",83,0,4.57959334553845,4.42636174525068
"84",84,1,5.81600637711216,4.90025821068543
"85",85,0,2.46482123974959,1.71157848737446
"86",86,0,5.27132533512078,5.05691042175181
"87",87,1,4.32588673275106,4.46613629623599
"88",88,0,4.48077448988383,3.28406809192851
"89",89,0,4.82781782056597,3.73191280511589
"90",90,0,4.22947213952897,4.86476779744612
"91",91,0,5.09780366977971,5.0567780473457
"92",92,0,4.30725282454276,3.6745217585149
"93",93,0,4.36649554315552,4.1649714646644
"94",94,0,1.83678143317729,0.810652167973711
"95",95,0,3.53774014994664,3.85963290614989
"96",96,0,2.50439737679145,1.39495724516459
"97",97,0,3.09731051071916,2.48655052949881
"98",98,1,6.30170457965742,3.97323804455763
"99",99,1,5.69307147548938,4.54988696342068
"100",100,1,6.23775251748075,5.1744068343393
